0.04280328943386863	0.
0.18476753272286625	0.
0.21181223567552257	0.
0.3267317760118639	0.
0.3808211819171765	0.000035208470977026373
0.4686960193008615	0.0001789937520062953
0.5498301281588305	0.00041595280914639033
0.6106602625898592	0.0006507781291255899
0.7188390744004844	0.0011440348654756858
0.7526245058788568	0.0013077868370903276
0.8878480206421384	0.001956117186561925
0.8945887491678544	0.0019871038756359097
1.036552992456852	0.002587339969275645
1.0568569668837922	0.0026638857041467053
1.1785172357458495	0.0030683936926557674
1.2258659131254461	0.0031962583889841123
1.3204814790348471	0.003416349206205975
1.3948748593671	0.003557921617379121
1.4624457223238447	0.003642176627539164
1.563883805608754	0.0037671808706465897
1.6044099656128423	0.003806159620195058
1.732892751850408	0.0038437211891943555
1.7463742089018401	0.0038497353376598592
1.8883384521908377	0.0038015266588822395
1.901901698092062	0.0038021149016322356
2.0303026954798353	0.0037917743393042786
2.0709106443337157	0.003783248756641524
2.172266938768833	0.0036193571044429006
2.23991959057537	0.003589996971158279
2.3142311820578305	0.003553378771079862
2.4089285368170237	0.003501324925161704
2.456195425346828	0.0034734946529912194
2.577937483058678	0.0032114600342605507
2.5981596686358257	0.0031978129813499457
2.7401239119248233	0.0030997389619504484
2.7469464293003316	0.003094950553428177
2.882088155213821	0.002999338272715674
2.9159553755419854	0.002975254585968104
3.0240523985028185	0.0026825524769839007
3.0849643217836396	0.0026338530635833498
3.166016641791816	0.0025773021558042203
3.2539732680252933	0.0025168031879088315
3.3079808850808137	0.002480163875998823
3.4229822142669475	0.0024035734087852357
3.4499451283698117	0.002385913925112461
3.5919093716588093	0.002294910802377855
3.5919911605086012	0.002294859557255292
3.733873614947807	0.002023742160701011
3.7610001067502554	0.001965922834154898
3.8758378582368045	0.0019015999105477892
3.930009052991909	0.0018721031133867487
4.0178021015258025	0.0018254393597696879
4.099017999233563	0.0017835109812498187
4.1597663448148	0.001752915753877244
4.268026945475217	0.001699988644174199
4.301730588103798	0.0016839221575599517
4.437035891716872	0.0016213308717861765
4.443694831392795	0.0016183279603727214
4.585659074681793	0.0015559916119219077
4.6060448379585255	0.00154729894189558
4.7276233179707905	0.0014093426432801447
4.775053784200179	0.001285994607856613
4.869587561259788	0.0012521716804642497
4.944062730441833	0.0012263657431117124
5.011551804548786	0.001203599322567174
5.113071676683488	0.001170426392372821
5.153516047837783	0.0011575579439286514
5.282080622925141	0.0011179223811559654
5.295480291126781	0.0011138995823692015
5.4374445344157785	0.0010724837557008488
5.451089569166795	0.0010686162702544253
5.579408777704776	0.0010331780820357552
5.620098515408449	0.0010222832176088816
5.721373020993774	0.0009958567797364577
5.789107461650103	0.0009787136929571227
5.863337264282771	0.0009604000385102031
5.958116407891757	0.0009377123189727342
6.005301507571769	0.000926699405509834
6.127125354133411	0.0008990986476552551
6.147265750860766	0.0008891467024167841
6.289229994149764	0.0007288036392354191
6.296134300375065	0.0007275413122456187
6.431194237438762	0.0007034733945060006
6.4651432466167185	0.0006976017971964076
6.573158480727759	0.0006793809617222064
6.634152192858373	0.0006693914113475747
6.715122724016757	0.0006564521357425589
6.803161139100027	0.0006427868743170507
6.857086967305755	0.0006346172381649945
6.972170085341681	0.0006176745001154465
6.999051210594753	0.0006138108431335979
7.1410154538837505	0.0005939728547894331
7.141179031583334	0.0005939504028925032
7.282979697172748	0.0005750466201441439
7.310187977824988	0.0005715190744648072
7.424943940461746	0.000556979361198252
7.479196924066643	0.0005502913388081862
7.566908183750743	0.000539721712449546
7.6482058703082965	0.00053018586377104
7.708872427039741	0.0005232285877071762
7.81721481654995	0.0005111283791751978
7.850836670328738	0.0005074562929178116
7.986223762791604	0.0004930503046281101
7.992800913617736	0.0004923658840487597
8.134765156906733	0.0004779190554657717
8.155232709033257	0.00047588703547652616
8.27672940019573	0.00046408090641640533
8.32424165527491	0.0004378577994000488
8.418693643484728	0.0003687285004494859
8.493250601516564	0.0003630704064035673
8.560657886773726	0.0003580629566900875
8.66225954775822	0.000350703079793386
8.831268493999874	0.00033894066713010786
9.000277440241527	0.0003277447653046041
9.169286386483181	0.00031708020236638257
9.338295332724835	0.0003069156264359849
9.507304278966489	0.0002972198671131942
9.676313225208142	0.00028796636871886996
9.845322171449796	0.000279128479940273
10.01433111769145	0.0002706825729099656
10.183340063933105	0.000262605549858866
10.352349010174759	0.00025487781574051114
10.521357956416413	0.0002474785045666253
10.690366902658067	0.00024039103607759323
10.85937584889972	0.00023359814210854328
11.028384795141374	0.00022708268774356417
11.197393741383028	0.00022083169485128133
11.366402687624682	0.00021483073792434655
11.535411633866335	0.00020813512264542062
11.70442058010799	0.00016131540805226815
11.873429526349645	0.00015692335725880525
12.042438472591298	0.00015279185614153442
12.211447418832952	0.000148818381065418
12.380456365074606	0.0001449950464885505
12.54946531131626	0.00014131469160055674
12.718474257557913	0.00013776995165078112
12.887483203799567	0.00013435455923241146
13.05649215004122	0.00013106233925480699
13.225501096282876	0.00012788751641715118
13.39451004252453	0.00012482498203576032
13.563518988766184	0.00012186884590802492
13.732527935007838	0.00011901498823878111
13.901536881249491	0.00011625868760580225
14.070545827491145	0.00011359531968958774
14.239554773732799	0.00011102086282544216
14.408563719974453	0.00010853193254524803
14.577572666216106	0.00010612408234211039
14.746581612457762	0.0001037948338420395
14.915590558699416	0.00010153942593377994
15.08459950494107	0.0000993563703537401
15.253608451182723	0.00009724163496789226
15.422617397424377	0.00009519220910100968
15.59162634366603	0.00009320654116396465
15.760635289907684	0.00009128124795799728
15.929644236149338	0.00008941412993344278
16.098653182390994	0.00008760300659663694
16.267662128632647	0.00008584570729013734
16.4366710748743	0.00008413983866818086
16.605680021115955	0.0000790929606226894
16.77468896735761	0.0000651747165277849
16.943697913599262	0.00006059694029015137
17.11270685984092	0.00005942089153947052
17.281715806082573	0.000058278123738528206
17.450724752324227	0.00005716785109740783
17.61973369856588	0.00005608870091240909
17.788742644807535	0.000055038888944672156
17.95775159104919	0.00005401809713576865
18.126760537290842	0.00005302479205841658
18.295769483532496	0.00005205816943213886
18.46477842977415	0.0000511180567396796
18.633787376015803	0.00005020184212410362
18.802796322257457	0.00004931042523103321
18.97180526849911	0.00004844206264904528
19.140814214740764	0.000047595855206179894
19.30982316098242	0.00004677132485590716
19.478832107224072	0.000045967834821189556
19.647841053465726	0.000045184515228959594
19.81684999970738	0.00004442094856031411
19.985858945949033	0.00004367599762922516
20.15486789219069	0.00004294996072287378
20.323876838432344	0.00004224082798691328
20.831973759393154	0.00004021142434115997
21.34007068035396	0.000038323192927812674
21.84816760131477	0.00003656274598183233
22.35626452227558	0.00003491990006752227
22.864361443236387	0.00003338366324056787
23.372458364197197	0.0000319458102171536
23.880555285158003	0.00003059763099043715
24.388652206118813	0.00002933157088096854
24.896749127079623	0.000020548926198955124
25.40484604804043	0.00001972324452343018
25.91294296900124	0.000018945743042453672
26.421039889962046	0.000018212367619460238
26.929136810922856	0.00001752083993735394
27.437233731883666	0.00001686701165715314
27.945330652844476	0.000016248914994225672
28.453427573805282	0.000015663477961045595
28.96152449476609	0.000015108960819642657
29.4696214157269	0.000014583112484949644
29.97771833668771	0.000014083680330828356
30.485815257648518	0.000013609352941559984
30.993912178609325	0.000013157988400248786
31.502009099570135	0.000012728586788871413
32.01010602053094	0.000012319692185981972
32.51820294149175	0.000011930023672731565
33.02629986245256	0.000011558313475470784
33.53439678341337	0.000011203390201344435
34.04249370437418	0.000010864686650693662
34.55059062533498	0.000010540731641275306
35.05868754629579	0.000010230699639334674
35.5667844672566	9.934447020772342e-6
36.07488138821741	9.650332007870253e-6
36.582978309178216	9.378328889168159e-6
37.091075230139026	9.117449941696502e-6
37.599172151099836	7.2599351626184476e-6
38.107269072060646	5.890966421067252e-6
38.615365993021456	5.732209791920236e-6
39.123462913982266	5.579698999285869e-6
39.631559834943076	5.433011126926349e-6
40.13965675590388	5.292343087410804e-6
40.64775367686469	5.156625933271904e-6
41.1558505978255	5.026069649186422e-6
41.6639475187863	4.900399751793492e-6
42.17204443974711	4.7793161912642574e-6
42.68014136070792	4.662710898551247e-6
43.18823828166873	4.5502597106190795e-6
43.69633520262954	4.441625930891831e-6
44.20443212359035	4.336867542826535e-6
44.71252904455116	4.235675307260088e-6
45.22062596551197	4.137975096365412e-6
45.728722886472774	4.043617336136591e-6
46.236819807433584	3.952387042518838e-6
46.74491672839439	3.864218333903828e-6
47.253013649355196	3.7788560870213495e-6
47.761110570316006	3.6963735441972863e-6
48.269207491276816	3.6164336533360906e-6
48.777304412237626	3.5390339025323313e-6
49.285401333198436	3.464010600693204e-6
49.793498254159246	3.391569730382686e-6
50.301595175120056	3.321145790020636e-6
50.80969209608086	3.2528896904305455e-6
50.809692096080866	3.2528896904305455e-6
142.65029583135475	1.050225421424334e-7
234.49089956662863	0.
326.33150330190256	0.
418.17210703717643	0.
510.0127107724503	0.
601.8533145077242	0.
693.693918242998	0.
785.534521978272	0.
877.3751257135459	0.
969.2157294488197	0.
1061.0563331840935	0.
1152.8969369193676	0.
1244.7375406546414	0.
1336.5781443899152	0.
1428.4187481251893	0.
1520.259351860463	0.
1612.099955595737	0.
1703.940559331011	0.
1795.7811630662848	0.
1887.6217668015586	0.
1979.4623705368326	0.
2071.3029742721064	0.
2163.1435780073803	0.
2254.984181742654	0.
2346.824785477928	0.
2438.6653892132017	0.
2530.5059929484755	0.
2622.3465966837493	0.
2714.1872004190236	0.
2806.0278041542974	0.
2897.8684078895712	0.
2989.709011624845	0.
3081.549615360119	0.
3173.3902190953927	0.
3265.2308228306665	0.
3357.071426565941	0.
3448.9120303012146	0.
3540.7526340364884	0.
3632.5932377717622	0.
3724.433841507036	0.
3816.27444524231	0.
3908.115048977584	0.
3999.955652712858	0.
4091.7962564481318	0.
4183.636860183406	0.
4275.47746391868	0.
4367.318067653953	0.
4459.1586713892275	0.
4550.999275124501	0.
4642.839878859775	0.
4734.6804825950485	0.
4826.521086330323	0.
4918.361690065597	0.
5010.20229380087	0.
5102.042897536145	0.
5193.883501271418	0.
5285.724105006692	0.
5377.564708741967	0.
5469.40531247724	0.
5561.245916212514	0.