0.10064583495118277	0.
0.43445452087260567	0.
0.5492914637409998	0.
0.7682632067940285	0.
0.9979370925308169	0.00011722872009623792
1.1020718927154514	0.0002244444186219207
1.4358805786368742	0.0008242323055139138
1.446582721320634	0.0008485791874176505
1.7696892645582971	0.0016588545436799183
1.895228350110451	0.001987799390258678
2.10349795047972	0.0025163608923727027
2.3438739789002683	0.003071692394491314
2.437306636401143	0.0032672286974575414
2.771115322322566	0.0038642431830805644
2.7925196076900853	0.0038971131984005133
3.104924008243989	0.004305366490043733
3.2411652364799024	0.004445899896437584
3.4387326941654117	0.004605518342227354
3.6898108652697195	0.004745558290655039
3.7725413800868344	0.004785273186610636
4.1063500660082575	0.0048748144777619575
4.138456494059537	0.0048648649065101465
4.440158751929681	0.0048995847873814
4.587102122849354	0.004901284950624128
4.773967437851103	0.00481863615684555
5.03574775163917	0.004783077504238124
5.107776123772526	0.004770122943672453
5.441584809693949	0.004571701121402037
5.484393380428988	0.004560049968301605
5.775393495615372	0.004474323181981716
5.933039009218805	0.004423982727425461
6.109202181536795	0.004365269393714114
6.381684638008622	0.0040853148846318665
6.443010867458217	0.00406286918669304
6.7768195533796405	0.003939152480489313
6.8303302667984385	0.003919173518883596
7.110628239301064	0.0038143976049673724
7.278975895588256	0.0037516381126969068
7.444436925222486	0.0036902821749535022
7.7276215243780735	0.003349882422905495
7.778245611143909	0.0033315207246498463
8.112054297065331	0.0032124146841507975
8.17626715316789	0.0031899200253725493
8.445862982986753	0.0030970520281132074
8.624912781957706	0.0030368310324379575
8.779671668908177	0.0029857460819834184
9.073558410747523	0.0028912480373428488
9.1134803548296	0.0028786675961156925
9.447289040751022	0.0025221472033226684
9.52220403953734	0.002500500574774083
9.781097726672446	0.002427407311672325
9.970849668327157	0.002375503262490415
10.114906412593868	0.0023370237969566553
10.419495297116974	0.0022582388972343923
10.448715098515292	0.0022508613983896883
10.782523784436714	0.0021687627566094425
10.868140925906792	0.0021483406274067324
11.116332470358136	0.002090560519214067
11.316786554696609	0.0020453993817157604
11.45014115627956	0.002016079253076377
11.765432183486427	0.0017192869274950382
11.783949842200983	0.0017157258358778383
12.117758528122407	0.0016532234806029898
12.214077812276242	0.0016357725975852284
12.451567214043829	0.0015938204270614241
12.66272344106606	0.001557766172749215
12.785375899965251	0.0015373444352584026
13.111369069855877	0.0014848563479698729
13.119184585886675	0.001483629074862765
13.452993271808097	0.0014325178082702436
13.560014698645693	0.0014166587742634035
13.78680195772952	0.0013838632846841963
14.00866032743551	0.0013528154188944522
14.120610643650943	0.0013375244052830793
14.454419329572366	0.0012933677636705993
14.457305956225328	0.0012929958606709463
14.788228015493788	0.0012512710410671822
14.905951585015146	0.001168438118297525
15.122036701415212	0.0010365677369108578
15.354597213804963	0.0010126607639691547
15.455845387336634	0.0010025003016093969
15.789654073258058	0.0009700223617392405
15.803242842594779	0.0009687329454902434
16.123462759179482	0.0009390439836321001
16.2518884713846	0.0009275057436108144
16.457271445100904	0.0009094770725452287
16.700534100174416	0.0008887726648262401
16.791080131022326	0.0008812409718756088
17.124888816943752	0.0008542616505575666
17.14917972896423	0.0008523461401547571
17.458697502865174	0.000828468352549813
17.59782535775405	0.0008180522480053347
17.792506188786597	0.0008037954702747583
18.046470986543866	0.0007857353972921111
18.12631487470802	0.0007801798620782982
18.46012356062944	0.0007575661873068964
18.495116615333682	0.000755251127051558
18.793932246550863	0.0007358996370609697
18.9437622441235	0.0007264688690217507
19.12774093247229	0.000715129779418948
19.392407872913317	0.0006992668489480792
19.46154961839371	0.0006952079268457551
19.795358304315133	0.0005988522905457269
19.841053501703133	0.0005734840800136214
20.129166990236556	0.0005464067957332464
20.289699130492952	0.0005390783027424893
20.738344759282768	0.0005193455358672445
21.186990388072587	0.0005006554682207786
21.635636016862403	0.0004829380390103812
22.08428164565222	0.0004661279222677997
22.532927274442038	0.00045016594644062
22.981572903231854	0.00043499556516585
23.430218532021673	0.0004205691582468928
23.87886416081149	0.00040683688519451734
24.327509789601304	0.0003937569957294183
24.776155418391124	0.00038128915698993834
25.22480104718094	0.00036939700580920434
25.673446675970755	0.00035804520216615863
26.122092304760574	0.000347203451906241
26.57073793355039	0.00033683991696153146
27.019383562340206	0.00026693773563202374
27.468029191130025	0.0002562062022216402
27.91667481991984	0.00024871397641782237
28.36532044870966	0.00024154113152707372
28.813966077499476	0.00023467002131174157
29.26261170628929	0.00022808431535353724
29.71125733507911	0.00022176909320686974
30.159902963868927	0.00021570885518157898
30.608548592658746	0.00020989139457718606
31.05719422144856	0.00020430278410729416
31.505839850238377	0.00019893217665606366
31.954485479028197	0.00019376817082028484
32.40313110781801	0.00018880052236309506
32.851776736607825	0.00018401966075128924
33.300422365397644	0.00017941667728630354
33.74906799418746	0.00017498216076223817
34.197713622977275	0.00017070830721545825
34.646359251767095	0.00016658808193062498
35.095004880556914	0.00016261364399211952
35.543650509346726	0.00015877854092113621
35.992296138136545	0.00015507609144385808
36.440941766926365	0.0001515007594875782
36.88958739571618	0.0001480465322979143
37.338233024505996	0.0001401645185914878
37.786878653295815	0.00011261783475377105
38.23552428208563	0.00010842919587493017
38.68416991087545	0.00010602288851521948
39.132815539665266	0.00010369459782699353
39.58146116845508	0.00010144214471115371
40.0301067972449	0.00009926072642240658
40.47875242603472	0.00009714870986166199
40.927398054824536	0.00009510242816920049
41.37604368361435	0.0000931194830782245
41.82468931240417	0.00009119792493909053
42.27333494119399	0.0000893336942118324
42.7219805699838	0.00008752572313230534
43.17062619877362	0.00008577201045262687
43.61927182756344	0.00008406986942651747
44.06791745635325	0.00008241759601267241
44.51656308514307	0.00008081289643162717
44.96520871393289	0.00007925379224648363
45.4138543427227	0.00007773940109282988
45.86249997151252	0.00007626764710819202
46.31114560030234	0.0000748373495580678
46.75979122909216	0.00007344558416441225
47.20843685788197	0.00007209302072131991
47.65708248667179	0.00007077659331631359
48.10572811546161	0.00006949546441953546
48.55437374425142	0.0000682486794359706
49.00301937304124	0.00006703507457699956
49.45166500183106	0.0000658530582580497
49.90031063062087	0.00006470201775971654
50.34895625941069	0.00006358051385009344
50.79760188820051	0.00006248743637501841
51.24624751699032	0.00006142244135537982
51.69489314578014	0.000060384118940602366
52.14353877456996	0.000059371972577198496
52.592184403359774	0.00005838456972174071
53.04083003214959	0.00005742149761887449
53.48947566093941	0.00005606928083369569
53.938121289729224	0.0000488566551432812
53.93812128972923	0.0000488566551432812
55.28657432197246	0.000040103796607736846
56.635027354215694	0.00003822818785941566
57.98348038645892	0.00003648014652208961
59.33193341870216	0.000034848254264888315
60.680386450945385	0.00003332290626262952
62.02883948318862	0.00003189421961262736
63.37729251543185	0.00003055483612937632
64.72574554767507	0.00002929760378650635
66.07419857991832	0.00002811569508589237
67.42265161216154	1.6931551266990019e-6
68.77110464440477	0.000025955399768487436
70.119557676648	0.00002496662125935386
71.46801070889123	-0.00001469429287215653
72.81646374113447	-0.000011637359612685401
74.1649167733777	0.000022315384858887664
75.51336980562093	0.000021524257150033756
76.86182283786415	0.000020774124460571784
78.21027587010738	-0.000023592545558001228
79.55872890235062	-0.000021414733715771654
80.90718193459385	0.000013593784333160725
82.25563496683708	-0.00003379286146444833
83.6040879990803	0.00001271956852660185
84.95254103132353	0.000012313829913642088
86.30099406356678	0.00001192675921524401
87.64944709581	0.000011557742223040286
88.99790012805323	0.00001120527158961683
90.34635316029647	0.000010868784809619429
91.69480619253969	0.000010546722564936634
93.04325922478293	0.000010238838260739721
94.39171225702616	9.94424124691355e-6
95.74016528926938	9.662097217005879e-6
97.08861832151263	9.391472776759824e-6
98.43707135375584	9.132162984885044e-6
99.78552438599908	8.883447450686308e-6
101.13397741824231	8.644299325028853e-6
102.48243045048554	8.41499780073401e-6
103.83088348272878	8.19449707048674e-6
105.17933651497201	7.982342218033599e-6
106.52778954721524	7.778542190647018e-6
107.87624257945848	7.582273795284905e-6
109.22469561170169	7.393065940703359e-6
110.57314864394493	7.211131443246235e-6
111.92160167618816	7.03576347163701e-6
113.27005470843139	6.866623507338032e-6
114.61850774067463	9.662356408999808e-6
115.96696077291784	-0.00004355119488040607
117.31541380516109	-0.00005258451760516763
118.6638668374043	0.00020108684807435868
120.01231986964754	8.2819101649038e-6
121.36077290189078	0.00018667828821093094
122.709225934134	-0.000048324684486597156
124.05767896637724	3.875193904242413e-6
125.40613199862048	-0.00009516166001240822
126.7545850308637	0.00016680823063359597
128.10303806310694	0.0001578967314885452
129.45149109535015	-0.0000526570225231179
130.7999441275934	3.476805682425984e-6
132.14839715983663	0.0001421513169179598
133.49685019207985	0.0001371513364414163
134.8453032243231	-0.00004558364932187288
225.28531344079295	-0.000015217460875057551
315.7253236572628	-0.00003269519970404002
406.1653338737326	4.372584083664194e-6
496.6053440902025	0.
587.0453543066723	0.
677.4853645231422	0.
767.9253747396119	3.523267279772285e-9
858.3653849560818	0.
948.8053951725517	0.
1039.2454053890215	0.
1129.6854156054915	0.
1220.1254258219612	0.
1310.565436038431	0.
1401.0054462549008	0.
1491.4454564713708	0.
1581.8854666878406	0.
1672.3254769043103	0.
1762.7654871207803	0.
1853.20549733725	0.
1943.6455075537199	0.
2034.0855177701899	0.
2124.5255279866597	0.
2214.9655382031297	0.
2305.4055484195997	0.
2395.845558636069	0.
2486.285568852539	0.
2576.725579069009	0.
2667.1655892854787	0.
2757.6055995019487	0.
2848.0456097184187	0.
2938.4856199348883	0.
3028.9256301513583	0.
3119.3656403678283	0.
3209.805650584298	0.
3300.245660800768	0.
3390.685671017238	0.
3481.1256812337074	0.
3571.5656914501774	0.
3662.0057016666474	0.
3752.445711883117	0.
3842.885722099587	0.
3933.325732316057	0.
4023.7657425325265	0.
4114.205752748996	0.
4204.645762965466	0.
4295.085773181936	0.
4385.525783398406	0.
4475.965793614876	0.
4566.405803831346	0.
4656.845814047815	0.
4747.285824264285	0.
4837.725834480755	0.
4928.165844697225	0.
5018.605854913695	0.
5109.045865130165	0.
5199.485875346634	0.
5289.925885563104	0.
5380.365895779574	0.
5470.805905996044	0.
5561.245916212514	0.