0.02609310618936973	0.
0.09597816895150035	0.
0.112635241717446	0.
0.16586323171363096	0.
0.19917737724552226	7.400159052756544e-9
0.23574829447576157	7.255027788035388e-6
0.2857195127735985	0.000029863155941542596
0.3056333572378922	0.000043654047064352855
0.3722616483016748	0.00010745061780791078
0.37551842000002283	0.00011113843947914899
0.4454034827621534	0.00019768825069573675
0.45880378382975107	0.00021520223793752518
0.515288545524284	0.00028888582729015566
0.5453459193578274	0.0003268131752909993
0.5851736082864147	0.00037452683384930685
0.6318880548859037	0.00042584996416883235
0.6550586710485453	0.00044923849132228545
0.7184301904139799	0.000505897917853023
0.724943733810676	0.0005111163410951898
0.7948287965728066	0.0005602859941396904
0.8049723259420561	0.0005664270363959131
0.8647138593349372	0.0005978838154453095
0.8915144614701325	0.0006095509399453205
0.9345989220970679	0.000576928326975496
0.9780565969982088	0.0005160585590628467
1.0044839848591984	0.0004814358192483221
1.064598732526285	0.00048239715013823943
1.074369047621329	0.0004822299653675728
1.1442541103834596	0.0004788363457710057
1.151140868054361	0.00047831589606248516
1.2141391731455902	0.0004265999195530326
1.2376830035824375	0.0004236026311376857
1.2840242359077207	0.00041714579601540664
1.3242251391105138	0.00041105247934105596
1.3539092986698515	0.00040631809672235053
1.41076727463859	0.0003968225937903567
1.4237943614319821	0.0003709175080800257
1.4936794241941127	0.00033428238577276235
1.4973094101666662	0.0003336658381831232
1.5635644869562433	0.00032239139842299766
1.5838515456947424	0.0003189422980106508
1.6334495497183739	0.000310550071668987
1.6703936812228188	0.00030435437336200376
1.7033346124805044	0.0002988838858843919
1.756935816750895	0.0002901119571038981
1.7732196752426352	0.00028748300725874845
1.8431047380047658	0.00023304240614046903
1.8434779522789713	0.00023299043726509265
1.9129898007668964	0.00022353454415975554
1.9300200878070477	0.0002212766495878977
1.982874863529027	0.0002144185859689711
2.016562223335124	0.00021016619635927698
2.0527599262911576	0.0002056993568204701
2.1031043588632	0.00019966346617767108
2.1226449890532884	0.00019737533807565215
2.1896464943912766	0.00018975938467232355
2.1925300518154187	0.00018943934455232012
2.2624151145775495	0.0001818812744948836
2.2761886299193526	0.00018043528633028804
2.3323001773396803	0.00016698037994120318
2.362730765447429	0.00013856140315261488
2.4021852401018107	0.00013536472403341201
2.4492729009755054	0.00013167295936009386
2.4720703028639415	0.00012993249529486328
2.5358150365035814	0.00012522146357509195
2.541955365626072	0.0001604199668272259
2.6118404283882026	0.00011989224085352968
2.622357172031658	0.00011917869913160534
2.6817254911503334	0.00011525522520107397
2.708899307559734	0.00011351704921147923
2.751610553912464	0.00011085522286614277
2.7954414430878103	0.00010821033289679694
2.8214956166745946	0.00010667848188606783
2.8819835786158867	0.00010323336091522129
2.891380679436725	0.00010271175712052112
2.9612657421988557	0.00009894357561152042
2.9685257141439627	0.00009856267137505846
3.0311508049609865	0.00009536244652734498
3.055067849672039	0.00009417715480553821
3.101035867723117	0.00009195657716169948
3.141609985200115	0.0000900562738512203
3.1709209304852477	0.00008090625036653165
3.2281521207281916	0.0000658116035837158
3.240805993247378	0.00006538321086171396
3.310691056009509	0.0000630872533016442
3.314694256256268	0.00006295883490174196
3.380576118771639	0.00006090225212679801
3.401236391784344	0.00006027665310720577
3.45046118153377	0.00005882188153867339
3.4877785273124204	0.00005775178852044331
3.520346244295901	0.00005684015490016591
3.574320662840497	0.000055373377816063896
3.590231307058031	0.00005495129621940811
3.660116369820162	0.00005314978808877015
3.660862798368573	0.00005313085836660926
3.7300014325822923	0.000051430215472227985
3.7474049338966493	0.00005101465386786084
3.799886495344423	0.00004978898365944457
3.8339470694247257	0.00004901587359136074
3.869771558106554	0.00004822098236894793
3.9204892049528017	0.000047126376121113715
3.9396566208686843	0.00004672213614899709
4.007031340480879	0.000045339414563628415
4.0095416836308155	0.00004528879653994208
4.0794267463929454	0.00004780726780152775
4.093573476008954	0.00004364711643979348
4.149311809155076	0.00004260475756228323
4.180115611537031	0.00004204356625197283
4.219196871917207	0.00004134698224981739
4.266657747065107	0.000040523031661656334
4.289081934679338	0.000040141748285463426
4.3531998825931835	0.00003908000539437265
4.358966997441468	0.000038986441543475904
4.428852060203599	0.00003787809948449783
4.439742018121259	0.00003776925340923915
4.498737122965729	0.000028581952925098106
4.5262841536493355	0.000025780399963464875
4.56862218572786	0.000025338577589423572
4.612826289177412	0.000024888665138869658
4.638507248489991	0.000024632410643199482
4.699368424705488	0.000024040359555465
4.708392311252121	0.00002395434048645848
4.778277374014252	0.000023302872349425963
4.785910560233565	0.000023233239643335655
4.8481624367763825	0.0000226765370133687
4.872452695761641	0.00002246448913753186
4.918047499538513	0.0000220740210283618
4.958994831289717	0.00002173200464893875
4.987932562300644	0.000021494502226882956
5.045536966817793	0.000021033161074740426
5.057817625062774	0.000020936631238439216
5.127702687824905	0.0000203993575629727
5.13207910234587	0.000020366426002087214
5.197587750587036	0.000019881975627564036
5.218621237873946	0.000019730058910852256
5.267472813349166	0.0000193831790759316
5.337357876111297	0.000018902295558312412
5.407242938873427	0.00001843862363839395
5.477128001635558	0.00001799106670817472
5.547013064397689	0.000017559137720965544
5.6168981271598195	0.000017141943993707206
5.68678318992195	0.000016738785678290583
5.75666825268408	0.00001634963923646075
5.826553315446211	0.00001597338050369121
5.896438378208342	0.000015609728980663695
5.966323440970473	0.000015257589680549901
6.036208503732603	0.000014916911158482412
6.106093566494733	0.00001458743340967439
6.175978629256864	0.00001426824572924166
6.245863692018995	0.000013959101648065136
6.315748754781126	0.000013659761079145135
6.3856338175432565	0.00001336929058771209
6.4555188803053865	0.000013088100648776578
6.525403943067517	0.00001210993712995539
6.595289005829648	8.906728932383864e-6
6.665174068591779	7.676140535512539e-6
6.735059131353909	7.5187751415455174e-6
6.80494419411604	7.365840216256462e-6
6.87482925687817	7.217917084541981e-6
6.944714319640301	7.07376667043157e-6
7.014599382402432	6.93395866348031e-6
7.084484445164562	6.7980635783202835e-6
7.154369507926693	6.666260254804583e-6
7.2242545706888235	6.537725008253082e-6
7.294139633450954	6.413023793869456e-6
7.364024696213085	9.80455539279332e-6
7.433909758975215	6.173844472202969e-6
7.503794821737346	6.059114863554487e-6
7.573679884499477	5.9475354381331394e-6
7.643564947261607	5.8386922698719276e-6
7.713450010023738	5.732943129469828e-6
7.783335072785868	5.629700916941271e-6
7.853220135547999	5.5295103774346296e-6
7.92310519831013	5.431587743304353e-6
7.9929902610722605	5.3363026223718005e-6
8.06287532383439	5.2436225261810565e-6
8.132760386596521	5.153157219483412e-6
8.202645449358652	5.064692049767855e-6
8.272530512120783	4.978792353169373e-6
8.342415574882914	4.8948604028009455e-6
8.412300637645044	4.8128817903918784e-6
8.622608153586171	4.578050267669156e-6
8.832915669527297	4.359562991586572e-6
9.043223185468422	4.15631261747092e-6
9.253530701409549	3.966483977582175e-6
9.463838217350675	3.789046204491783e-6
9.674145733291802	3.622997381201985e-6
9.884453249232926	3.39980666776535e-6
10.094760765174053	1.5476023900171725e-6
10.30506828111518	1.4830709056819118e-6
10.515375797056306	1.4224205280138702e-6
10.725683312997432	1.3653925600209804e-6
10.935990828938557	1.3117362539095573e-6
11.146298344879684	1.2610420905879496e-6
11.35660586082081	1.2130776691182611e-6
11.566913376761935	1.1677815962880196e-6
11.777220892703061	1.1249316981787968e-6
11.987528408644188	1.0844741406094527e-6
12.197835924585315	1.0458743517735633e-6
12.408143440526441	1.0094113768853008e-6
12.618450956467566	9.74722164552253e-7
12.828758472408692	9.417689809300273e-7
13.039065988349819	9.105154418261117e-7
13.249373504290944	8.806145966789718e-7
13.459681020232072	8.521932252379224e-7
13.669988536173197	8.252213361393242e-7
13.880296052114323	7.993636756488979e-7
14.09060356805545	7.745976821473837e-7
14.300911083996574	7.510528989854312e-7
14.5112185999377	7.285551698751161e-7
14.721526115878827	7.069345507537013e-7
14.931833631819952	6.863227439825245e-7
15.14214114776108	6.665527442161226e-7
15.352448663702205	6.476086035356998e-7
15.562756179643332	5.005057419996948e-7
15.773063695584458	2.5190212792702528e-8
15.983371211525583	0.
16.19367872746671	0.
16.403986243407836	0.
16.61429375934896	0.
16.82460127529009	0.
17.034908791231214	0.
17.245216307172342	0.
17.455523823113467	0.
17.66583133905459	0.
17.876138854995716	0.
18.086446370936844	0.
18.296753886877973	0.
18.507061402819097	0.
18.717368918760222	0.
18.927676434701347	0.
19.137983950642475	0.
19.348291466583603	0.
19.558598982524728	0.
19.768906498465853	0.
19.979214014406978	0.
20.189521530348106	0.
20.399829046289234	0.
20.61013656223036	0.
20.820444078171484	0.
21.03075159411261	0.
21.030751594112612	0.
113.36767100441932	0.
205.70459041472603	0.
298.04150982503273	0.
390.3784292353394	0.
482.7153486456461	0.
575.0522680559529	0.
667.3891874662596	0.
759.7261068765663	0.
852.063026286873	0.
944.3999456971796	0.
1036.7368651074864	0.
1129.0737845177932	0.
1221.4107039280998	0.
1313.7476233384066	0.
1406.0845427487131	0.
1498.42146215902	0.
1590.7583815693267	0.
1683.0953009796333	0.
1775.43222038994	0.
1867.7691398002466	0.
1960.1060592105534	0.
2052.4429786208602	0.
2144.779898031167	0.
2237.116817441474	0.
2329.4537368517804	0.
2421.790656262087	0.
2514.1275756723935	0.
2606.4644950827005	0.
2698.801414493007	0.
2791.1383339033137	0.
2883.4752533136207	0.
2975.8121727239272	0.
3068.149092134234	0.
3160.486011544541	0.
3252.8229309548474	0.
3345.159850365154	0.
3437.496769775461	0.
3529.8336891857675	0.
3622.170608596074	0.
3714.5075280063807	0.
3806.8444474166877	0.
3899.1813668269942	0.
3991.518286237301	0.
4083.855205647608	0.
4176.192125057914	0.
4268.5290444682205	0.
4360.8659638785275	0.
4453.2028832888345	0.
4545.539802699141	0.
4637.876722109448	0.
4730.213641519754	0.
4822.550560930061	0.
4914.887480340368	0.
5007.224399750674	0.
5099.561319160981	0.
5191.898238571288	0.
5284.235157981594	0.
5376.572077391901	0.
5468.908996802208	0.
5561.245916212514	0.