0.04392199638439958	0.
0.1895966177259915	0.
0.21986485944214748	0.
0.33527123906758344	0.
0.3958077224998954	0.00004007564827476761
0.48094586040917536	0.0001777037341829712
0.5717505855576432	0.00043683046282950023
0.6266204817507672	0.0006417823429949821
0.7476934486153911	0.0011707225289841095
0.7722951030923592	0.0012843140372886326
0.9179697244339511	0.0019450902423423717
0.923636311673139	0.001969574098821441
1.063644345775543	0.0025256627233832115
1.099579174730887	0.002651345974959761
1.209318967117135	0.002987909707193375
1.2755220377886347	0.0031531244150731857
1.354993588458727	0.003315455632027709
1.4514649008463827	0.003484630878999055
1.5006682098003188	0.00353102144861801
1.6274077639041307	0.0036668820302043865
1.6463428311419106	0.0036823801727385217
1.7920174524835026	0.003716986910295436
1.8033506269618784	0.003720821585388665
1.9376920738250947	0.003663113374088051
1.9792934900196264	0.0036617601916846794
2.0833666951666863	0.0036465328278720735
2.1552363530773744	0.003628204428421949
2.2290413165082783	0.0034739622121538953
2.3311792161351224	0.0034265081721621157
2.3747159378498703	0.0034039882225235145
2.50712207919287	0.0033289191302970475
2.5203905591914624	0.003320940766251661
2.6660651805330544	0.003051708845131882
2.683064942250618	0.003040279272129122
2.811739801874646	0.002952330840456984
2.859007805308366	0.0029195828200079374
2.957414423216238	0.00285105936790285
3.034950668366114	0.002797002950090048
3.10308904455783	0.0025400647903553895
3.210893531423862	0.00246643418818013
3.2487636658994217	0.0024408625383745904
3.3868363944816093	0.002349161912947527
3.3944382872410137	0.002344188654411445
3.5401129085826057	0.002250558917011028
3.5627792575393573	0.0022362870950807514
3.685787529924198	0.002160296776687089
3.7387221205971053	0.0021283708886483074
3.83146215126579	0.0019007729288351332
3.9146649836548533	0.0018170711102552843
3.9771367726073814	0.0017837829438424476
4.090607846712602	0.0017250766392150458
4.1228113939489734	0.001708824820567533
4.26655070977035	0.00163844456127984
4.2684860152905655	0.001637520637241306
4.4141606366321575	0.0015697536388576828
4.442493572828098	0.0015569726652657641
4.55983525797375	0.0015053857455991342
4.618436435885846	0.001480417459495779
4.705509879315342	0.0014442680101782106
4.794379298943593	0.0014085140752794145
4.851184500656934	0.0013699880563086853
4.970322162001341	0.001167386491997563
4.996859121998526	0.0011584793431847686
5.142533743340118	0.0011111291831482242
5.146265025059089	0.0011099496106964368
5.28820836468171	0.0010662803649158132
5.322207888116837	0.0010561567280202087
5.433882986023301	0.0010237848233559384
5.498150751174585	0.0010057482402695624
5.579557607364893	0.0009835018523025045
5.674093614232333	0.0009584813872640287
5.725232228706485	0.0009452992498021382
5.850036477290081	0.0009141288482300709
5.870906850048077	0.0009090509568071494
6.016581471389669	0.0008746387800479719
6.025979340347829	0.0008724796073556114
6.162256092731261	0.0008419530944617219
6.2019222034055765	0.0008333380928159754
6.307930714072853	0.000810888804544327
6.3778650664633245	0.0007965233586525356
6.453605335414444	0.0006930753046079069
6.5538079295210725	0.0006432630899703085
6.599279956756036	0.0006357647687395123
6.72975079257882	0.0006148967671808904
6.744954578097628	0.0006125260472707506
6.89062919943922	0.0005904248859135766
6.905693655636568	0.0005882010700158369
7.036303820780812	0.0005693912133187948
7.0816365186943155	0.0005630539342433095
7.181978442122404	0.0005493627992990773
7.2575793817520635	0.0005393447489149213
7.3276530634639965	0.0005302794581507268
7.4335222448098115	0.0005169709787275456
7.4733276848055885	0.0005120850274553162
7.6094651078675595	0.0004958399607608915
7.6190023061471805	0.000494728392401058
7.764676927488772	0.0004781607159731461
7.7854079709253075	0.000475864419010695
7.910351548830364	0.00046233746598771657
7.961350833983055	0.00045696641912206453
8.056026170171956	0.0004472166665612817
8.137293697040803	0.0004390717063862439
8.201700791513547	0.00043275865263219643
8.31323656009855	0.00042211419956791576
8.34737541285514	0.00041892744465117524
8.4891794231563	0.000406032435762219
8.493050034196731	0.00040568817873621395
8.638724655538324	0.0003930083659245283
8.665122286214046	0.0003907684881623054
8.784399276879915	0.0003585242006146089
8.841065149271795	0.0003212099630555676
9.017008012329542	0.0002968827986385248
9.192950875387291	0.00028593956990912095
9.368893738445038	0.0002755334799047293
9.544836601502785	0.000265632076414921
9.720779464560534	0.0002562041827320537
9.896722327618281	0.0002472203439089185
10.07266519067603	0.00023865466502050823
10.248608053733777	0.00023048212413302044
10.424550916791526	0.00022267991040599133
10.600493779849273	0.0002152267848227024
10.776436642907022	0.00020810211549179472
10.95237950596477	0.00020128879137547238
11.128322369022518	0.0001947679601502559
11.304265232080265	0.00018852399606737638
11.480208095138012	0.00018254307826802473
11.656150958195761	0.000176809751560343
11.832093821253508	0.0001713121518784636
12.008036684311257	0.00016603631486227012
12.183979547369004	0.00016097217158826625
12.359922410426753	0.0001561082850479311
12.5358652734845	0.00013860025837015495
12.711808136542249	0.00011677268303672219
12.887750999599996	0.00011329966490439714
13.063693862657745	0.00010995962951348147
13.239636725715492	0.00010674719629453371
13.41557958877324	0.00010365450685685651
13.591522451830988	0.00010067727577252504
13.767465314888735	0.00009780952092047059
13.943408177946484	0.0000950456243382576
14.119351041004231	0.00009238217553225179
14.29529390406198	0.00008981295841609089
14.471236767119727	0.00008733449829085358
14.647179630177476	0.00008494287878843918
14.823122493235223	0.00008263396036466891
14.999065356292972	0.00008040355464185954
15.175008219350719	0.00007824959233025509
15.350951082408466	0.00007616751252151112
15.526893945466215	0.00007415521133618102
15.702836808523962	0.00007220914607829418
15.87877967158171	0.00007032670754603804
16.054722534639456	0.00006850519586898563
16.230665397697205	0.00006674257688006354
16.406608260754954	0.00006503585983711178
16.5825511238127	0.00006338294613586145
16.758493986870448	0.00006178190450214172
16.934436849928197	0.000060230639914334986
17.110379712985942	0.000058726889390145535
17.28632257604369	0.00005726981390909797
17.46226543910144	0.00005585585912847771
17.63820830215919	0.00005448468501194276
17.814151165216934	0.00005315432630425958
17.990094028274683	0.00005186382318262079
18.166036891332432	0.00005061064631521721
18.34197975439018	0.00004939446226135549
18.517922617447926	0.00004821309779399154
18.693865480505675	0.00004706586939998782
18.869808343563424	0.00004201296606131396
19.04575120662117	0.0000348154038354029
19.221694069678918	0.00003367856043039044
19.397636932736667	0.000032888291209554884
19.573579795794416	0.00003212003101695179
19.74952265885216	0.00003137301779093381
19.92546552190991	0.00003064688223452974
20.10140838496766	0.00002994027764260271
20.277351248025408	0.000029252837306786995
20.453294111083153	0.00002858411674713253
20.629236974140902	0.00002793348231684739
20.80517983719865	0.00002729987695045447
20.981122700256396	0.00002668364436992763
21.157065563314145	0.00002608271650479832
21.685992202397	0.00002437090543549179
22.21491884147985	0.000022787942780271973
22.743845480562705	0.000021322182587413996
23.27277211964556	0.000019963281337983656
23.801698758728413	0.00001870228448312673
24.330625397811268	0.000017530755493521526
24.85955203689412	0.000016440644154548073
25.388478675976973	0.000015426132938575784
25.917405315059828	0.000014480969685083118
26.44633195414268	0.000013598784122129251
26.975258593225533	0.000012775941265816604
27.504185232308387	0.00001200677793301376
28.03311187139124	0.000011288223400620242
28.562038510474096	0.000010615305138848294
29.090965149556947	9.986337001115614e-6
29.6198917886398	9.396842875822062e-6
30.148818427722656	-0.00004921586987467374
30.677745066805507	-0.000052798868972999235
31.20667170588836	7.840591539193296e-6
31.735598344971216	7.384538041885327e-6
32.26452498405407	6.9562391996512896e-6
32.793451623136924	5.78266333226513e-6
33.32237826221977	4.556508130720733e-6
33.851304901302626	4.294182612378518e-6
34.38023154038548	4.047620257525571e-6
34.909158179468335	-0.00003119522143547631
35.43808481855119	0.0002740855260106403
35.967011457634044	0.00048802286628270877
36.4959380967169	0.0001410971726732829
37.02486473579975	3.0158033360524036e-6
37.55379137488261	2.8448534567351215e-6
38.08271801396546	-0.000022780602501725593
38.611644653048316	-0.00005552687272455974
39.14057129213117	5.987757465976938e-7
39.66949793121402	2.25384733905048e-6
40.19842457029687	-0.00001808754286174304
40.72735120937973	-0.000019535569692565683
41.256277848462574	0.0000676145557815127
41.78520448754543	-0.00018509757608261096
42.31413112662828	-0.00013370154306351388
42.84305776571114	7.455729668944639e-6
43.37198440479399	0.00011276323200525723
43.900911043876846	0.00003055915099100014
44.4298376829597	0.00006301503092962418
44.958764322042555	-0.000024724795020583894
45.48769096112541	0.000026310966845134638
46.016617600208264	-0.00021000434650226125
46.54554423929112	-0.0001322619830745437
47.07447087837397	-0.00005560061352184903
47.60339751745683	-0.00007145832150701892
48.132324156539674	-0.00006484506277008307
48.66125079562253	-0.0005047808629030336
49.19017743470538	-0.000430058661079688
49.71910407378823	-0.00007128233179794983
50.248030712871085	-0.00020594309803212993
50.77695735195394	-0.0002009834255546243
51.305883991036794	-0.00042330642101204443
51.83481063011965	-0.00042869400569553874
52.3637372692025	-0.0006779037344319598
52.89266390828536	-0.00033703428886926927